3.0
62.0
1.0
62.0
72.0
37.0
14.0
63.0
0.0
0.0
0.0
0.0
0.0
36.0
2.0
10.0
50.0
8.0
97.0
0.0
126.0
75.0
30.0
13.0
0.0
0.0
8.0
0.0
36.0
19.0
112.0
0.0
77.0
148.0
0.0
21.0
90.0
141.0
0.0
37.0
102.0
52.0
36.0
79.0
51.0
115.0
29.0
56.0
135.0
0.0
60.0
160.0
9.0
0.0
50.0
124.0
149.0
23.0
0.0
43.0
36.0
1.0
93.0
106.0
144.0
72.0
4.0
47.0
29.0
49.0
96.0
104.0
148.0
81.0
46.0
85.0
21.0
78.0
106.0
71.0
75.0
31.0
69.0
3.0
127.0
151.0
88.0
97.0
86.0
108.0
60.0
76.0
19.0
45.0
95.0
56.0
28.0
5.0
166.0
109.0
112.0
123.0
79.0
78.0
42.0
79.0
130.0
73.0
65.0
69.0
58.0
99.0
142.0
61.0
77.0
154.0
92.0
59.0
107.0
97.0
117.0
90.0
68.0
37.0
103.0
60.0
112.0
78.0
72.0
65.0
99.0
60.0
38.0
126.0
146.0
73.0
67.0
111.0
33.0
69.0
74.0
136.0
27.0
80.0
83.0
61.0
90.0
94.0
101.0
53.0
0.0
114.0
76.0
124.0
113.0
115.0
85.0
33.0
134.0
97.0
131.0
87.0
85.0
26.0
139.0
175.0
78.0
67.0
133.0
88.0
56.0
60.0
81.0
134.0
43.0
119.0
82.0
52.0
15.0
69.0
76.0
88.0
87.0
96.0
111.0
0.0
118.0
77.0
104.0
74.0
0.0
126.0
72.0
185.0
57.0
103.0
130.0
58.0
34.0
88.0
152.0
112.0
126.0
79.0
155.0
177.0
107.0
93.0
100.0
34.0
137.0
50.0
55.0
49.0
73.0
170.0
80.0
2.0
11.0
82.0
27.0
75.0
67.0
84.0
32.0
0.0
138.0
109.0
32.0
81.0
116.0
59.0
93.0
0.0
103.0
79.0
17.0
99.0
105.0
151.0
167.0
71.0
91.0
89.0
162.0
131.0
64.0
116.0
97.0
74.0
68.0
129.0
124.0
11.0
70.0
130.0
76.0
73.0
14.0
52.0
151.0
115.0
31.0
101.0
117.0
126.0
154.0
24.0
24.0
107.0
110.0
58.0
80.0
84.0
133.0
127.0
73.0
80.0
178.0
132.0
72.0
123.0
66.0
150.0
165.0
63.0
40.0
150.0
163.0
72.0
164.0
14.0
165.0
71.0
60.0
107.0
91.0
18.0
8.0
83.0
152.0
161.0
96.0
107.0
51.0
112.0
84.0
17.0
59.0
74.0
154.0
96.0
135.0
77.0
99.0
39.0
127.0
73.0
92.0
108.0
98.0
23.0
133.0
21.0
76.0
78.0
128.0
86.0
74.0
78.0
96.0
78.0
147.0
93.0
36.0
138.0
126.0
89.0
134.0
98.0
71.0
77.0
31.0
97.0
46.0
120.0
119.0
85.0
119.0
93.0
169.0
80.0
146.0
62.0
57.0
129.0
88.0
91.0
105.0
75.0
80.0
121.0
143.0
145.0
152.0
93.0
73.0
80.0
81.0
26.0
154.0
122.0
100.0
80.0
62.0
90.0
106.0
81.0
73.0
89.0
48.0
123.0
115.0
94.0
135.0
26.0
87.0
92.0
161.0
82.0
32.0
130.0
166.0
106.0
82.0
146.0
176.0
105.0
89.0
129.0
58.0
160.0
103.0
106.0
150.0
37.0
66.0
56.0
85.0
96.0
152.0
92.0
124.0
137.0
80.0
117.0
65.0
172.0
73.0
64.0
109.0
89.0
60.0
115.0
111.0
6.0
57.0
70.0
128.0
92.0
48.0
148.0
53.0
64.0
105.0
112.0
82.0
58.0
150.0
20.0
82.0
115.0
33.0
101.0
79.0
94.0
133.0
117.0
92.0
115.0
43.0
115.0
92.0
59.0
103.0
85.0
89.0
138.0
102.0
119.0
116.0
99.0
54.0
113.0
101.0
112.0
135.0
176.0
147.0
88.0
57.0
87.0
83.0
141.0
110.0
118.0
158.0
89.0
166.0
34.0
55.0
144.0
150.0
147.0
99.0
109.0
102.0
168.0
69.0
51.0
81.0
125.0
100.0
182.0
27.0
93.0
50.0
145.0
105.0
80.0
131.0
91.0
51.0
36.0
71.0
93.0
129.0
91.0
104.0
90.0
175.0
98.0
114.0
88.0
101.0
87.0
85.0
74.0
15.0
68.0
147.0
157.0
112.0
65.0
118.0
0.0
87.0
92.0
138.0
88.0
57.0
103.0
0.0
49.0
86.0
109.0
99.0
100.0
162.0
89.0
136.0
58.0
159.0
38.0
122.0
80.0
95.0
189.0
77.0
101.0
143.0
30.0
141.0
52.0
79.0
98.0
144.0
95.0
79.0
52.0
75.0
121.0
104.0
85.0
153.0
119.0
116.0
89.0
91.0
53.0
97.0
100.0
73.0
120.0
152.0
109.0
109.0
95.0
129.0
99.0
43.0
119.0
116.0
75.0
91.0
165.0
83.0
167.0
157.0
131.0
104.0
4.0
179.0
71.0
81.0
77.0
95.0
78.0
90.0
162.0
124.0
140.0
134.0
125.0
148.0
3.0
124.0
60.0
163.0
66.0
91.0
76.0
168.0
164.0
141.0
128.0
35.0
131.0
57.0
126.0
172.0
58.0
119.0
113.0
137.0
12.0
110.0
109.0
106.0
108.0
41.0
54.0
90.0
165.0
106.0
77.0
88.0
42.0
138.0
178.0
81.0
83.0
100.0
76.0
73.0
0.0
18.0
29.0
80.0
184.0
126.0
160.0
86.0
107.0
85.0
84.0
84.0
47.0
50.0
109.0
83.0
94.0
163.0
13.0
111.0
33.0
74.0
93.0
68.0
85.0
69.0
110.0
128.0
135.0
69.0
114.0
85.0
111.0
115.0
78.0
100.0
109.0
133.0
119.0
51.0
122.0
84.0
21.0
152.0
94.0
93.0
111.0
130.0
71.0
99.0
104.0
89.0
0.0
136.0
91.0
112.0
120.0
68.0
162.0
70.0
153.0
77.0
80.0
86.0
81.0
134.0
161.0
115.0
105.0
126.0
170.0
145.0
102.0
51.0
89.0
144.0
108.0
92.0
78.0
39.0
164.0
134.0
157.0
84.0
116.0
71.0
153.0
104.0
151.0
134.0
132.0
136.0
4.0
78.0
87.0
87.0
80.0
108.0
88.0
50.0
123.0
77.0
103.0
113.0
67.0
82.0
57.0
123.0
115.0
106.0
107.0
80.0
158.0
55.0
117.0
86.0
126.0
111.0
75.0
84.0
144.0
97.0
126.0
106.0
63.0
113.0
70.0
89.0
100.0
170.0
106.0
93.0
130.0
128.0
32.0
71.0
92.0
173.0
118.0
84.0
57.0
75.0
161.0
95.0
94.0
174.0
79.0
148.0
69.0
87.0
55.0
27.0
41.0
139.0
93.0
121.0
105.0
77.0
135.0
85.0
114.0
107.0
123.0
83.0
71.0
151.0
94.0
113.0
105.0
113.0
149.0
106.0
95.0
96.0
138.0
79.0
66.0
112.0
32.0
60.0
83.0
117.0
47.0
106.0
96.0
63.0
67.0
114.0
76.0
110.0
111.0
163.0
88.0
67.0
51.0
67.0
103.0
87.0
146.0
94.0
92.0
71.0
120.0
119.0
82.0
135.0
145.0
55.0
103.0
38.0
68.0
157.0
127.0
105.0
85.0
85.0
89.0
70.0
84.0
132.0
113.0
90.0
78.0
41.0
98.0
121.0
99.0
87.0
105.0
88.0
36.0
162.0
170.0
106.0
91.0
122.0
62.0
38.0
151.0
108.0
76.0
127.0
134.0
68.0
125.0
101.0
79.0
85.0
46.0
118.0
70.0
110.0
103.0
124.0
111.0
78.0
66.0
27.0
115.0
86.0
59.0
104.0
83.0
86.0
145.0
46.0
72.0
42.0
84.0
80.0
85.0
92.0
120.0
85.0
134.0
86.0
102.0
82.0
97.0
112.0
44.0
94.0
66.0
62.0
62.0
138.0
62.0
109.0
98.0
164.0
111.0
139.0
103.0
71.0
89.0
85.0
163.0
81.0
97.0
0.0
129.0
151.0
149.0
58.0
167.0
59.0
92.0
118.0
90.0
84.0
154.0
130.0
80.0
104.0
79.0
44.0
123.0
118.0
120.0
47.0
149.0
136.0
124.0
81.0
160.0
34.0
117.0
97.0
130.0
78.0
86.0
74.0
158.0
95.0
158.0
83.0
111.0
114.0
116.0
102.0
105.0
33.0
86.0
148.0
129.0
91.0
100.0
103.0
124.0
0.0
128.0
64.0
71.0
63.0
74.0
