127.0
51.0
118.0
183.0
0.0
0.0
-23.0
66.0
154.0
29.0
108.0
208.0
77.0
240.0
178.0
83.0
60.0
-3.0
1.0
14.0
104.0
90.0
-34.0
205.0
65.0
255.0
110.0
25.0
34.0
81.0
73.0
251.0
25.0
263.0
140.0
149.0
324.0
85.0
91.0
116.0
-11.0
191.0
95.0
88.0
0.0
11.0
0.0
-2.0
0.0
-15.0
10.0
12.0
9.0
-1.0
12.0
103.0
0.0
160.0
38.0
152.0
209.0
200.0
-4.0
0.0
126.0
-9.0
-11.0
-14.0
4.0
106.0
9.0
-7.0
-5.0
21.0
0.0
2.0
0.0
0.0
0.0
0.0
0.0
15.0
0.0
14.0
54.0
51.0
88.0
0.0
-13.0
-6.0
13.0
0.0
-9.0
0.0
71.0
4.0
-10.0
1.0
-1.0
0.0
0.0
61.0
0.0
0.0
0.0
66.0
59.0
9.0
128.0
15.0
98.0
33.0
235.0
42.0
18.0
170.0
0.0
141.0
0.0
-10.0
102.0
0.0
5.0
0.0
22.0
271.0
-2.0
0.0
19.0
-12.0
-1.0
0.0
48.0
0.0
109.0
101.0
0.0
0.0
194.0
84.0
180.0
44.0
0.0
0.0
40.0
91.0
0.0
25.0
0.0
23.0
160.0
0.0
175.0
66.0
0.0
25.0
0.0
33.0
196.0
11.0
222.0
14.0
120.0
204.0
0.0
68.0
78.0
48.0
98.0
155.0
-12.0
194.0
112.0
74.0
117.0
114.0
255.0
248.0
128.0
238.0
188.0
133.0
11.0
85.0
75.0
89.0
63.0
371.0
271.0
37.0
322.0
17.0
-43.0
12.0
258.0
104.0
147.0
88.0
285.0
194.0
284.0
405.0
152.0
76.0
226.0
24.0
336.0
159.0
44.0
53.0
227.0
202.0
267.0
181.0
436.0
337.0
98.0
113.0
86.0
234.0
163.0
202.0
101.0
139.0
324.0
288.0
6.0
120.0
185.0
14.0
332.0
186.0
69.0
151.0
243.0
78.0
101.0
201.0
296.0
127.0
157.0
162.0
19.0
270.0
217.0
213.0
150.0
230.0
247.0
171.0
209.0
201.0
139.0
208.0
315.0
392.0
173.0
219.0
102.0
253.0
166.0
172.0
130.0
116.0
313.0
312.0
215.0
269.0
257.0
422.0
241.0
427.0
284.0
174.0
369.0
283.0
166.0
277.0
216.0
135.0
193.0
187.0
303.0
100.0
168.0
115.0
268.0
157.0
286.0
151.0
335.0
110.0
174.0
200.0
101.0
463.0
191.0
304.0
314.0
312.0
131.0
123.0
174.0
225.0
268.0
311.0
209.0
179.0
320.0
226.0
146.0
292.0
297.0
177.0
254.0
384.0
319.0
209.0
267.0
181.0
342.0
162.0
170.0
236.0
232.0
112.0
265.0
217.0
205.0
305.0
326.0
284.0
365.0
387.0
174.0
302.0
224.0
238.0
432.0
136.0
71.0
341.0
107.0
188.0
220.0
145.0
204.0
159.0
272.0
212.0
310.0
221.0
328.0
186.0
223.0
424.0
147.0
464.0
168.0
332.0
174.0
179.0
329.0
227.0
270.0
322.0
288.0
373.0
234.0
415.0
326.0
217.0
73.0
131.0
385.0
228.0
360.0
349.0
260.0
221.0
185.0
194.0
330.0
418.0
300.0
486.0
379.0
358.0
149.0
327.0
178.0
201.0
228.0
321.0
163.0
323.0
317.0
219.0
502.0
332.0
267.0
264.0
573.0
106.0
187.0
150.0
309.0
303.0
350.0
242.0
239.0
286.0
1163.0
145.0
240.0
204.0
302.0
125.0
234.0
285.0
406.0
181.0
152.0
272.0
260.0
300.0
215.0
166.0
473.0
233.0
326.0
171.0
191.0
259.0
234.0
167.0
273.0
216.0
320.0
300.0
390.0
296.0
242.0
315.0
286.0
147.0
206.0
143.0
343.0
313.0
139.0
370.0
210.0
169.0
320.0
268.0
295.0
195.0
227.0
183.0
295.0
304.0
348.0
390.0
275.0
265.0
230.0
520.0
189.0
106.0
328.0
292.0
211.0
326.0
362.0
466.0
376.0
292.0
154.0
436.0
149.0
249.0
271.0
399.0
223.0
234.0
361.0
177.0
122.0
379.0
286.0
358.0
217.0
153.0
199.0
263.0
358.0
421.0
276.0
310.0
377.0
474.0
431.0
318.0
285.0
233.0
221.0
334.0
209.0
157.0
140.0
522.0
1012.0
163.0
316.0
392.0
193.0
251.0
221.0
142.0
175.0
347.0
118.0
473.0
304.0
243.0
236.0
235.0
258.0
331.0
189.0
171.0
147.0
201.0
225.0
199.0
246.0
441.0
184.0
346.0
344.0
379.0
141.0
237.0
359.0
224.0
308.0
44.0
274.0
465.0
328.0
160.0
293.0
151.0
242.0
156.0
153.0
327.0
337.0
265.0
145.0
279.0
122.0
175.0
216.0
336.0
182.0
305.0
324.0
523.0
307.0
356.0
247.0
205.0
247.0
230.0
203.0
393.0
273.0
213.0
135.0
293.0
310.0
174.0
220.0
174.0
304.0
468.0
325.0
473.0
147.0
181.0
302.0
267.0
163.0
220.0
208.0
310.0
419.0
334.0
162.0
296.0
373.0
296.0
263.0
409.0
581.0
253.0
292.0
253.0
165.0
569.0
603.0
352.0
328.0
559.0
234.0
207.0
364.0
175.0
347.0
479.0
394.0
265.0
307.0
374.0
153.0
152.0
345.0
312.0
266.0
429.0
270.0
267.0
351.0
330.0
284.0
151.0
284.0
271.0
331.0
339.0
367.0
343.0
223.0
228.0
259.0
274.0
253.0
303.0
217.0
314.0
121.0
310.0
430.0
321.0
341.0
293.0
269.0
232.0
236.0
232.0
242.0
265.0
124.0
311.0
334.0
180.0
142.0
452.0
397.0
160.0
454.0
143.0
267.0
199.0
212.0
212.0
246.0
243.0
330.0
164.0
296.0
152.0
379.0
367.0
264.0
428.0
295.0
299.0
192.0
359.0
444.0
280.0
367.0
117.0
391.0
255.0
282.0
187.0
197.0
95.0
240.0
113.0
299.0
421.0
334.0
314.0
166.0
220.0
288.0
354.0
182.0
322.0
307.0
312.0
652.0
291.0
328.0
348.0
167.0
317.0
262.0
137.0
360.0
398.0
173.0
257.0
274.0
309.0
180.0
133.0
266.0
299.0
244.0
122.0
125.0
451.0
209.0
134.0
354.0
294.0
215.0
260.0
313.0
300.0
314.0
297.0
154.0
363.0
315.0
223.0
247.0
176.0
262.0
182.0
284.0
205.0
337.0
160.0
129.0
263.0
299.0
251.0
170.0
315.0
348.0
143.0
154.0
210.0
383.0
309.0
320.0
332.0
266.0
330.0
131.0
411.0
278.0
245.0
142.0
384.0
277.0
132.0
181.0
461.0
742.0
229.0
353.0
236.0
283.0
389.0
491.0
208.0
291.0
347.0
399.0
298.0
234.0
337.0
180.0
309.0
372.0
467.0
310.0
338.0
301.0
273.0
559.0
321.0
108.0
177.0
320.0
242.0
243.0
370.0
247.0
347.0
138.0
236.0
471.0
457.0
152.0
342.0
233.0
313.0
144.0
475.0
110.0
197.0
508.0
112.0
125.0
231.0
401.0
334.0
149.0
303.0
266.0
77.0
264.0
171.0
243.0
319.0
256.0
310.0
205.0
423.0
193.0
428.0
140.0
338.0
348.0
258.0
160.0
293.0
275.0
289.0
372.0
177.0
280.0
154.0
219.0
170.0
304.0
240.0
173.0
113.0
166.0
339.0
362.0
528.0
95.0
144.0
387.0
522.0
254.0
277.0
226.0
296.0
327.0
315.0
170.0
410.0
207.0
318.0
427.0
105.0
140.0
194.0
305.0
354.0
334.0
158.0
456.0
361.0
255.0
210.0
165.0
199.0
328.0
396.0
305.0
435.0
338.0
216.0
227.0
254.0
438.0
429.0
309.0
279.0
333.0
324.0
182.0
161.0
198.0
303.0
416.0
338.0
295.0
286.0
444.0
533.0
263.0
396.0
316.0
183.0
602.0
321.0
401.0
253.0
660.0
276.0
136.0
168.0
345.0
162.0
320.0
375.0
190.0
133.0
498.0
311.0
328.0
300.0
185.0
239.0
209.0
495.0
302.0
188.0
124.0
267.0
492.0
258.0
216.0
331.0
280.0
68.0
296.0
306.0
387.0
475.0
314.0
444.0
275.0
86.0
289.0
336.0
377.0
154.0
455.0
160.0
232.0
145.0
192.0
311.0
272.0
317.0
689.0
342.0
230.0
278.0
241.0
274.0
312.0
353.0
381.0
250.0
433.0
289.0
324.0
439.0
305.0
213.0
424.0
392.0
287.0
276.0
248.0
99.0
367.0
515.0
231.0
393.0
189.0
384.0
238.0
278.0
472.0
469.0
177.0
148.0
135.0
423.0
434.0
355.0
240.0
218.0
272.0
294.0
513.0
402.0
247.0
230.0
154.0
531.0
311.0
167.0
445.0
275.0
239.0
295.0
122.0
305.0
542.0
545.0
182.0
285.0
186.0
287.0
266.0
195.0
251.0
193.0
338.0
343.0
294.0
315.0
218.0
577.0
251.0
169.0
446.0
322.0
229.0
218.0
222.0
278.0
188.0
262.0
405.0
161.0
502.0
440.0
382.0
233.0
227.0
591.0
232.0
430.0
211.0
318.0
245.0
159.0
365.0
189.0
525.0
251.0
457.0
172.0
103.0
185.0
271.0
319.0
420.0
195.0
320.0
204.0
294.0
166.0
347.0
255.0
433.0
394.0
228.0
366.0
214.0
211.0
288.0
261.0
167.0
198.0
272.0
319.0
431.0
306.0
334.0
263.0
338.0
245.0
191.0
263.0
130.0
359.0
283.0
372.0
260.0
273.0
312.0
351.0
317.0
312.0
401.0
164.0
234.0
195.0
482.0
289.0
350.0
195.0
293.0
387.0
325.0
295.0
247.0
160.0
547.0
389.0
142.0
249.0
267.0
235.0
455.0
415.0
369.0
188.0
543.0
394.0
408.0
229.0
262.0
176.0
214.0
179.0
238.0
375.0
175.0
194.0
161.0
617.0
130.0
306.0
324.0
280.0
344.0
355.0
380.0
182.0
314.0
372.0
297.0
301.0
322.0
185.0
469.0
474.0
227.0
347.0
359.0
480.0
315.0
446.0
180.0
91.0
143.0
114.0
348.0
375.0
516.0
238.0
1022.0
386.0
806.0
209.0
489.0
160.0
87.0
283.0
186.0
274.0
270.0
297.0
296.0
78.0
173.0
185.0
74.0
227.0
147.0
219.0
124.0
502.0
262.0
77.0
207.0
410.0
225.0
142.0
312.0
8.0
362.0
90.0
258.0
261.0
199.0
367.0
166.0
112.0
322.0
382.0
84.0
845.0
476.0
598.0
265.0
165.0
110.0
224.0
333.0
258.0
68.0
128.0
360.0
214.0
365.0
277.0
182.0
122.0
330.0
385.0
137.0
81.0
112.0
254.0
177.0
212.0
701.0
290.0
203.0
132.0
238.0
122.0
180.0
94.0
268.0
148.0
110.0
193.0
171.0
113.0
160.0
335.0
131.0
227.0
222.0
156.0
298.0
268.0
208.0
232.0
347.0
408.0
447.0
260.0
206.0
193.0
298.0
391.0
288.0
120.0
325.0
155.0
175.0
158.0
356.0
487.0
295.0
183.0
167.0
333.0
178.0
535.0
174.0
91.0
215.0
286.0
352.0
288.0
271.0
203.0
304.0
197.0
157.0
203.0
494.0
205.0
223.0
182.0
248.0
157.0
164.0
200.0
244.0
414.0
145.0
190.0
150.0
135.0
370.0
242.0
417.0
255.0
482.0
301.0
239.0
338.0
137.0
308.0
295.0
329.0
381.0
295.0
351.0
361.0
442.0
331.0
188.0
376.0
324.0
246.0
388.0
168.0
197.0
294.0
450.0
288.0
240.0
210.0
221.0
280.0
483.0
323.0
520.0
331.0
352.0
80.0
226.0
192.0
305.0
486.0
331.0
115.0
412.0
471.0
317.0
364.0
151.0
304.0
423.0
218.0
253.0
395.0
260.0
109.0
287.0
429.0
193.0
271.0
302.0
314.0
365.0
283.0
394.0
391.0
229.0
491.0
197.0
275.0
260.0
348.0
283.0
256.0
170.0
390.0
290.0
344.0
294.0
398.0
217.0
234.0
348.0
115.0
455.0
221.0
307.0
291.0
418.0
452.0
322.0
263.0
353.0
282.0
142.0
244.0
201.0
242.0
263.0
344.0
228.0
320.0
531.0
241.0
222.0
177.0
204.0
121.0
151.0
453.0
123.0
187.0
194.0
218.0
497.0
329.0
566.0
352.0
267.0
309.0
167.0
208.0
249.0
226.0
208.0
275.0
404.0
201.0
522.0
318.0
406.0
347.0
362.0
333.0
346.0
357.0
128.0
129.0
453.0
191.0
405.0
267.0
406.0
501.0
243.0
278.0
256.0
235.0
301.0
353.0
219.0
348.0
221.0
129.0
311.0
247.0
340.0
195.0
298.0
371.0
322.0
258.0
226.0
263.0
361.0
418.0
501.0
277.0
337.0
304.0
