184.0
33.0
271.0
-7.0
90.0
0.0
0.0
34.0
300.0
266.0
0.0
1.0
0.0
35.0
0.0
37.0
246.0
196.0
214.0
258.0
0.0
83.0
123.0
120.0
4.0
0.0
-2.0
38.0
36.0
0.0
90.0
173.0
80.0
365.0
0.0
154.0
53.0
273.0
162.0
58.0
105.0
15.0
128.0
23.0
36.0
12.0
0.0
53.0
54.0
172.0
0.0
80.0
140.0
106.0
0.0
0.0
-3.0
-7.0
17.0
21.0
284.0
50.0
91.0
58.0
133.0
27.0
117.0
0.0
154.0
0.0
0.0
396.0
51.0
-3.0
190.0
3.0
157.0
64.0
66.0
5.0
199.0
204.0
0.0
39.0
255.0
65.0
148.0
79.0
43.0
0.0
38.0
235.0
48.0
56.0
73.0
23.0
98.0
0.0
22.0
0.0
164.0
0.0
-1.0
0.0
6.0
184.0
154.0
77.0
33.0
104.0
203.0
78.0
2.0
99.0
0.0
36.0
290.0
0.0
0.0
74.0
155.0
0.0
0.0
0.0
0.0
0.0
144.0
232.0
1.0
2.0
3.0
0.0
3.0
0.0
0.0
128.0
26.0
271.0
186.0
195.0
0.0
225.0
-13.0
84.0
0.0
0.0
279.0
226.0
143.0
0.0
40.0
0.0
65.0
4.0
68.0
0.0
-15.0
0.0
48.0
192.0
103.0
56.0
55.0
41.0
0.0
0.0
120.0
147.0
88.0
0.0
118.0
71.0
0.0
17.0
276.0
192.0
35.0
255.0
187.0
27.0
1.0
-5.0
126.0
258.0
0.0
365.0
128.0
11.0
278.0
65.0
127.0
268.0
191.0
273.0
266.0
158.0
1.0
200.0
58.0
12.0
71.0
217.0
0.0
21.0
0.0
298.0
243.0
-19.0
5.0
0.0
78.0
-8.0
312.0
89.0
-15.0
-17.0
0.0
41.0
107.0
-13.0
12.0
63.0
-3.0
19.0
138.0
55.0
141.0
122.0
67.0
220.0
15.0
19.0
0.0
0.0
73.0
0.0
0.0
113.0
258.0
-14.0
133.0
215.0
318.0
-15.0
2.0
104.0
0.0
177.0
0.0
0.0
146.0
0.0
21.0
44.0
59.0
0.0
-4.0
0.0
158.0
311.0
294.0
305.0
169.0
31.0
144.0
9.0
192.0
282.0
47.0
75.0
327.0
14.0
0.0
314.0
141.0
259.0
15.0
121.0
0.0
37.0
179.0
211.0
117.0
233.0
38.0
0.0
277.0
186.0
170.0
125.0
158.0
90.0
91.0
0.0
-16.0
6.0
230.0
0.0
131.0
0.0
147.0
131.0
-15.0
35.0
38.0
148.0
232.0
0.0
4.0
80.0
-14.0
75.0
215.0
75.0
43.0
0.0
13.0
34.0
57.0
23.0
9.0
4.0
1.0
8.0
0.0
-11.0
78.0
141.0
11.0
166.0
165.0
246.0
0.0
0.0
22.0
296.0
317.0
299.0
59.0
71.0
77.0
74.0
195.0
176.0
268.0
-8.0
244.0
190.0
53.0
228.0
107.0
87.0
302.0
68.0
173.0
102.0
189.0
306.0
261.0
252.0
155.0
195.0
82.0
333.0
604.0
181.0
375.0
140.0
102.0
305.0
203.0
518.0
463.0
262.0
98.0
219.0
211.0
258.0
244.0
234.0
279.0
250.0
50.0
298.0
118.0
40.0
406.0
64.0
523.0
264.0
73.0
240.0
32.0
-9.0
159.0
30.0
157.0
202.0
281.0
213.0
297.0
22.0
451.0
30.0
161.0
319.0
280.0
251.0
248.0
295.0
196.0
409.0
142.0
634.0
89.0
15.0
161.0
148.0
229.0
178.0
-46.0
318.0
142.0
121.0
246.0
206.0
35.0
142.0
184.0
243.0
288.0
336.0
284.0
449.0
360.0
290.0
391.0
127.0
169.0
215.0
62.0
116.0
341.0
127.0
55.0
269.0
70.0
362.0
356.0
372.0
205.0
349.0
32.0
196.0
128.0
289.0
267.0
166.0
225.0
241.0
92.0
107.0
42.0
136.0
76.0
136.0
103.0
72.0
193.0
138.0
54.0
20.0
204.0
295.0
153.0
202.0
188.0
274.0
367.0
215.0
197.0
314.0
221.0
149.0
316.0
305.0
337.0
217.0
249.0
346.0
198.0
144.0
319.0
194.0
300.0
432.0
385.0
308.0
397.0
340.0
