103.0
0.0
0.0
117.0
20.0
2.0
3.0
0.0
0.0
164.0
210.0
53.0
0.0
98.0
9.0
3.0
120.0
0.0
175.0
11.0
123.0
37.0
122.0
20.0
63.0
19.0
0.0
13.0
169.0
0.0
59.0
13.0
131.0
0.0
0.0
12.0
25.0
62.0
0.0
0.0
178.0
172.0
196.0
32.0
160.0
95.0
161.0
76.0
130.0
47.0
13.0
96.0
164.0
77.0
101.0
75.0
253.0
53.0
1.0
4.0
0.0
89.0
254.0
41.0
0.0
135.0
27.0
208.0
92.0
78.0
7.0
123.0
226.0
185.0
3.0
3.0
79.0
113.0
16.0
100.0
56.0
65.0
74.0
99.0
41.0
27.0
128.0
163.0
35.0
26.0
72.0
138.0
157.0
122.0
82.0
48.0
68.0
0.0
235.0
142.0
155.0
79.0
184.0
12.0
2.0
140.0
254.0
77.0
23.0
277.0
0.0
5.0
131.0
184.0
12.0
92.0
0.0
52.0
141.0
80.0
181.0
191.0
179.0
15.0
108.0
138.0
52.0
116.0
127.0
0.0
119.0
99.0
8.0
62.0
0.0
202.0
99.0
45.0
0.0
263.0
39.0
194.0
152.0
90.0
0.0
85.0
149.0
237.0
84.0
84.0
82.0
96.0
128.0
137.0
177.0
55.0
108.0
32.0
106.0
0.0
88.0
77.0
92.0
80.0
116.0
1.0
150.0
0.0
34.0
179.0
29.0
222.0
6.0
204.0
227.0
151.0
55.0
98.0
210.0
93.0
45.0
166.0
74.0
142.0
214.0
204.0
0.0
17.0
216.0
0.0
194.0
143.0
0.0
178.0
45.0
16.0
0.0
19.0
5.0
69.0
14.0
60.0
86.0
26.0
219.0
0.0
7.0
145.0
153.0
35.0
253.0
102.0
0.0
49.0
43.0
197.0
3.0
30.0
74.0
156.0
0.0
0.0
58.0
18.0
66.0
50.0
31.0
2.0
5.0
15.0
144.0
27.0
93.0
84.0
0.0
0.0
37.0
201.0
67.0
62.0
179.0
233.0
96.0
105.0
23.0
187.0
26.0
225.0
9.0
97.0
216.0
31.0
184.0
69.0
164.0
135.0
166.0
23.0
137.0
102.0
9.0
248.0
199.0
195.0
102.0
156.0
208.0
189.0
168.0
79.0
57.0
69.0
257.0
112.0
125.0
69.0
322.0
185.0
174.0
124.0
239.0
160.0
86.0
205.0
107.0
167.0
252.0
159.0
0.0
0.0
51.0
0.0
55.0
79.0
9.0
148.0
303.0
0.0
129.0
117.0
35.0
94.0
92.0
165.0
118.0
152.0
181.0
183.0
130.0
0.0
60.0
35.0
97.0
225.0
86.0
148.0
106.0
13.0
107.0
88.0
133.0
175.0
193.0
179.0
29.0
108.0
55.0
97.0
92.0
206.0
286.0
71.0
0.0
236.0
97.0
126.0
263.0
214.0
0.0
106.0
178.0
274.0
215.0
190.0
240.0
99.0
0.0
37.0
144.0
161.0
103.0
51.0
0.0
49.0
125.0
72.0
28.0
93.0
244.0
44.0
265.0
201.0
191.0
207.0
74.0
70.0
157.0
77.0
88.0
48.0
147.0
25.0
108.0
284.0
10.0
47.0
0.0
186.0
56.0
130.0
28.0
16.0
87.0
56.0
200.0
145.0
43.0
22.0
57.0
109.0
250.0
176.0
208.0
97.0
199.0
169.0
4.0
88.0
186.0
92.0
183.0
77.0
186.0
190.0
0.0
28.0
117.0
167.0
26.0
138.0
238.0
125.0
136.0
99.0
79.0
317.0
219.0
32.0
193.0
78.0
198.0
13.0
33.0
174.0
83.0
161.0
156.0
192.0
90.0
129.0
126.0
204.0
104.0
169.0
161.0
29.0
163.0
17.0
67.0
30.0
153.0
141.0
197.0
243.0
177.0
134.0
0.0
120.0
176.0
98.0
137.0
93.0
90.0
127.0
141.0
139.0
87.0
71.0
73.0
125.0
107.0
230.0
143.0
199.0
93.0
246.0
212.0
56.0
95.0
317.0
142.0
0.0
162.0
105.0
185.0
137.0
189.0
137.0
138.0
113.0
133.0
43.0
22.0
62.0
151.0
267.0
130.0
107.0
232.0
97.0
123.0
150.0
111.0
168.0
25.0
45.0
23.0
0.0
0.0
19.0
201.0
0.0
136.0
162.0
76.0
12.0
149.0
156.0
328.0
6.0
21.0
157.0
55.0
43.0
27.0
130.0
183.0
74.0
319.0
154.0
209.0
155.0
97.0
112.0
135.0
167.0
214.0
131.0
23.0
0.0
122.0
184.0
171.0
96.0
34.0
174.0
170.0
15.0
129.0
73.0
0.0
219.0
199.0
166.0
20.0
157.0
160.0
220.0
192.0
118.0
115.0
8.0
118.0
219.0
0.0
189.0
119.0
98.0
21.0
160.0
162.0
237.0
157.0
13.0
184.0
108.0
346.0
16.0
104.0
323.0
43.0
130.0
0.0
120.0
108.0
98.0
129.0
181.0
0.0
32.0
204.0
77.0
111.0
141.0
92.0
77.0
34.0
84.0
103.0
142.0
244.0
3.0
120.0
48.0
209.0
192.0
170.0
0.0
128.0
103.0
120.0
33.0
10.0
209.0
318.0
134.0
0.0
167.0
85.0
0.0
39.0
203.0
112.0
143.0
240.0
115.0
168.0
160.0
172.0
162.0
218.0
109.0
265.0
337.0
250.0
185.0
0.0
116.0
273.0
294.0
124.0
171.0
103.0
215.0
74.0
128.0
237.0
104.0
200.0
0.0
158.0
208.0
0.0
162.0
114.0
131.0
0.0
137.0
53.0
89.0
28.0
123.0
215.0
208.0
175.0
241.0
199.0
234.0
154.0
142.0
280.0
151.0
95.0
0.0
102.0
97.0
202.0
183.0
221.0
59.0
192.0
156.0
174.0
60.0
163.0
178.0
0.0
193.0
233.0
154.0
110.0
75.0
194.0
127.0
105.0
171.0
38.0
35.0
127.0
144.0
50.0
37.0
141.0
46.0
65.0
123.0
137.0
50.0
33.0
109.0
51.0
167.0
35.0
146.0
0.0
142.0
248.0
60.0
283.0
206.0
91.0
161.0
212.0
1.0
131.0
80.0
152.0
37.0
107.0
141.0
206.0
0.0
0.0
116.0
167.0
103.0
61.0
145.0
129.0
348.0
257.0
63.0
212.0
187.0
165.0
110.0
182.0
131.0
134.0
157.0
79.0
97.0
0.0
12.0
224.0
91.0
104.0
158.0
207.0
52.0
1.0
131.0
293.0
170.0
130.0
117.0
189.0
251.0
109.0
6.0
185.0
86.0
98.0
133.0
121.0
309.0
47.0
203.0
291.0
115.0
165.0
153.0
198.0
189.0
150.0
56.0
0.0
154.0
170.0
10.0
207.0
45.0
99.0
194.0
250.0
238.0
152.0
47.0
263.0
277.0
252.0
158.0
87.0
74.0
68.0
146.0
15.0
167.0
143.0
200.0
0.0
250.0
133.0
145.0
129.0
62.0
169.0
142.0
230.0
204.0
212.0
80.0
185.0
167.0
223.0
54.0
207.0
230.0
205.0
275.0
229.0
138.0
96.0
204.0
156.0
183.0
0.0
108.0
59.0
155.0
163.0
185.0
186.0
39.0
90.0
292.0
216.0
127.0
43.0
310.0
80.0
240.0
111.0
173.0
267.0
110.0
306.0
120.0
138.0
175.0
331.0
293.0
227.0
236.0
168.0
195.0
9.0
157.0
120.0
234.0
221.0
73.0
190.0
70.0
243.0
101.0
236.0
145.0
76.0
223.0
2.0
184.0
90.0
75.0
139.0
153.0
143.0
149.0
238.0
109.0
85.0
149.0
196.0
139.0
284.0
64.0
159.0
127.0
61.0
95.0
235.0
71.0
178.0
71.0
0.0
141.0
267.0
101.0
269.0
66.0
179.0
135.0
132.0
25.0
151.0
271.0
203.0
97.0
175.0
154.0
209.0
106.0
227.0
101.0
133.0
320.0
242.0
181.0
148.0
182.0
67.0
144.0
177.0
186.0
2.0
24.0
108.0
92.0
115.0
78.0
170.0
93.0
28.0
230.0
87.0
270.0
221.0
226.0
120.0
49.0
124.0
14.0
199.0
159.0
69.0
179.0
103.0
15.0
187.0
105.0
171.0
166.0
23.0
0.0
22.0
126.0
33.0
220.0
212.0
183.0
63.0
210.0
126.0
120.0
145.0
139.0
58.0
323.0
67.0
153.0
184.0
177.0
27.0
71.0
95.0
47.0
277.0
135.0
236.0
107.0
294.0
169.0
271.0
233.0
90.0
88.0
89.0
109.0
171.0
205.0
289.0
34.0
66.0
213.0
235.0
114.0
202.0
172.0
263.0
79.0
231.0
178.0
67.0
99.0
134.0
116.0
200.0
164.0
73.0
174.0
130.0
235.0
180.0
85.0
244.0
50.0
28.0
108.0
0.0
0.0
194.0
200.0
220.0
75.0
167.0
96.0
74.0
28.0
171.0
195.0
174.0
53.0
96.0
92.0
207.0
145.0
35.0
153.0
127.0
126.0
70.0
45.0
79.0
13.0
11.0
121.0
231.0
37.0
200.0
236.0
127.0
273.0
279.0
145.0
194.0
178.0
169.0
200.0
0.0
100.0
179.0
44.0
125.0
77.0
87.0
97.0
141.0
105.0
130.0
146.0
67.0
63.0
231.0
215.0
170.0
180.0
127.0
3.0
36.0
125.0
193.0
166.0
0.0
118.0
209.0
41.0
336.0
149.0
230.0
154.0
66.0
53.0
265.0
249.0
54.0
153.0
54.0
59.0
190.0
23.0
243.0
297.0
79.0
12.0
156.0
70.0
269.0
106.0
230.0
111.0
220.0
28.0
117.0
195.0
167.0
127.0
93.0
227.0
98.0
156.0
0.0
187.0
143.0
169.0
0.0
243.0
145.0
179.0
247.0
49.0
104.0
165.0
249.0
0.0
148.0
42.0
228.0
128.0
108.0
181.0
176.0
90.0
213.0
110.0
144.0
152.0
230.0
181.0
228.0
25.0
147.0
173.0
12.0
112.0
135.0
6.0
130.0
61.0
307.0
121.0
56.0
163.0
0.0
149.0
224.0
110.0
193.0
117.0
65.0
257.0
133.0
27.0
52.0
117.0
207.0
86.0
13.0
126.0
117.0
0.0
164.0
31.0
51.0
224.0
180.0
54.0
185.0
97.0
148.0
120.0
122.0
241.0
0.0
55.0
123.0
53.0
324.0
200.0
216.0
178.0
184.0
153.0
202.0
117.0
65.0
189.0
133.0
25.0
257.0
322.0
57.0
207.0
113.0
198.0
137.0
129.0
64.0
183.0
112.0
264.0
128.0
59.0
269.0
41.0
167.0
120.0
98.0
25.0
274.0
52.0
113.0
34.0
65.0
87.0
142.0
168.0
196.0
37.0
172.0
55.0
103.0
99.0
151.0
75.0
165.0
107.0
182.0
133.0
338.0
54.0
197.0
252.0
250.0
123.0
136.0
90.0
70.0
149.0
227.0
138.0
178.0
145.0
168.0
106.0
254.0
97.0
206.0
149.0
257.0
138.0
123.0
52.0
149.0
155.0
148.0
174.0
274.0
16.0
170.0
89.0
20.0
130.0
142.0
224.0
193.0
184.0
102.0
201.0
281.0
110.0
117.0
9.0
256.0
10.0
180.0
38.0
73.0
34.0
263.0
175.0
257.0
14.0
86.0
274.0
166.0
112.0
163.0
78.0
73.0
120.0
168.0
125.0
80.0
93.0
186.0
108.0
45.0
150.0
0.0
209.0
262.0
140.0
33.0
233.0
119.0
43.0
265.0
209.0
132.0
316.0
215.0
160.0
291.0
125.0
317.0
65.0
141.0
150.0
54.0
42.0
88.0
98.0
222.0
97.0
220.0
52.0
83.0
269.0
87.0
141.0
219.0
152.0
124.0
47.0
124.0
228.0
159.0
165.0
183.0
121.0
171.0
298.0
60.0
222.0
125.0
76.0
157.0
58.0
49.0
221.0
141.0
190.0
177.0
193.0
238.0
119.0
58.0
316.0
120.0
141.0
205.0
110.0
123.0
120.0
78.0
157.0
195.0
283.0
52.0
259.0
6.0
184.0
209.0
66.0
189.0
48.0
164.0
0.0
205.0
229.0
105.0
183.0
146.0
298.0
82.0
177.0
97.0
100.0
46.0
46.0
156.0
193.0
200.0
191.0
76.0
16.0
340.0
207.0
247.0
123.0
226.0
267.0
196.0
123.0
168.0
204.0
190.0
256.0
314.0
10.0
118.0
152.0
85.0
175.0
143.0
24.0
128.0
245.0
194.0
65.0
328.0
65.0
245.0
159.0
0.0
111.0
139.0
166.0
64.0
279.0
249.0
120.0
64.0
130.0
111.0
187.0
253.0
117.0
123.0
272.0
174.0
126.0
169.0
260.0
119.0
101.0
198.0
135.0
44.0
264.0
170.0
125.0
73.0
55.0
76.0
46.0
65.0
165.0
165.0
129.0
168.0
129.0
147.0
84.0
164.0
176.0
87.0
154.0
147.0
267.0
203.0
211.0
139.0
201.0
108.0
155.0
239.0
225.0
74.0
209.0
